,year,month,day,customer,wh,kwh
0,2021,1,1,783260,49968118.15,11154070.87
1,2021,1,2,783281,43576388.06,10820313.94
2,2021,1,3,783288,44345831.21,10577876.27
3,2021,1,4,783288,49666971.53,11410542.58
4,2021,1,5,783310,44114435.78,11097614.74
5,2021,1,6,783287,250647651.0,13483005.42
6,2021,1,7,783266,47705196.65,12136136.59
7,2021,1,8,783436,53668802.9,12821846.23
8,2021,1,9,697997,1076574227.0,22396185.19
9,2021,1,10,697966,51608225.95,11128492.4
10,2021,1,11,697966,44021964.05,12152456.72
11,2021,1,12,697890,44297935.63,12172820.5
12,2021,1,13,697757,44700574.58,11826793.14
13,2021,1,14,697708,45528155.18,11263504.16
14,2021,1,15,697703,50697525.74,11632766.19
15,2021,1,16,697612,43369093.82,11311041.43
16,2021,1,17,697621,48256148.76,10975681.5
17,2021,1,18,697615,52462598.54,11628328.85
18,2021,1,19,697561,44539508.64,11704741.5
19,2021,1,20,697621,49980983.64,11663196.29
20,2021,1,21,697440,43991190.65,11361640.29
21,2021,1,22,697286,49362831.0,10826742.68
22,2021,1,23,697075,42324986.14,10337419.98
23,2021,1,24,697065,41435239.03,10343845.57
24,2021,1,25,697062,45719726.33,10734353.24
25,2021,1,26,696657,121941715.0,14122003.59
26,2021,1,27,696375,44919990.48,10988331.94
27,2021,1,28,696245,55912527.19,11950043.23
28,2021,1,29,695954,44656748.88,11762888.42
29,2021,1,30,695755,48106043.81,11387336.07
30,2021,1,31,695641,51092094.94,10946838.55
31,2021,2,1,695648,42817324.39,10827504.23
32,2021,2,2,695378,164012153.5,11988750.99
33,2021,2,3,695378,54992772.24,11144786.22
34,2021,2,4,696170,50299933.27,10636186.02
35,2021,2,5,696231,44263394.83,11207579.6
36,2021,2,6,695699,41713886.14,10613986.48
37,2021,2,7,695710,40098807.38,10625817.49
38,2021,2,8,695714,44448821.26,11118687.87
39,2021,2,9,695480,42671288.23,11642488.34
40,2021,2,10,695307,56912305.1,11386415.5
41,2021,2,11,695196,41690192.74,10460928.62
42,2021,2,12,695197,50671756.37,10552279.98
43,2021,2,13,695201,48063368.26,10086433.03
44,2021,2,14,695204,41074672.34,9731673.15
45,2021,2,15,695205,49818108.94,10586733.01
46,2021,2,16,674766,51172526.09,11146163.9
47,2021,2,17,674535,52582732.9,12295603.5
48,2021,2,18,674378,59241329.81,12663186.49
49,2021,2,19,674258,54768599.28,11901151.89
50,2021,2,20,674748,42189927.82,10532084.32
51,2021,2,21,674750,39113274.24,9853147.15
52,2021,2,22,674745,45267175.15,10558934.94
53,2021,2,23,674563,49218881.95,10475597.28
54,2021,2,24,674246,43160485.9,11312194.49
55,2021,2,25,674190,51385168.61,12106760.05
56,2021,2,26,674144,41161327.97,11061835.84
57,2021,2,27,674108,47440332.96,11276630.7
58,2021,2,28,674108,37423033.99,10639258.3
59,2021,3,1,674113,47450304.53,11408471.19
60,2021,3,2,674114,40004822.76,11561651.27
61,2021,3,3,674086,42163352.28,11605318.55
62,2021,3,4,674106,41988949.37,12048967.32
63,2021,3,5,674041,49365675.58,11464543.31
64,2021,3,6,673943,39426953.59,11007245.23
65,2021,3,7,673923,39077479.56,10490634.55
66,2021,3,8,673902,40151634.14,11332996.13
67,2021,3,9,673790,38509564.15,11095412.99
68,2021,3,10,673567,166512416.1,12572876.3
69,2021,3,11,673496,41589683.09,11167857.45
70,2021,3,12,673361,48860127.14,11517880.14
71,2021,3,13,673227,51144080.62,11249970.23
72,2021,3,14,673237,37081770.7,10170177.04
73,2021,3,15,673239,49470780.5,11555573.06
74,2021,3,16,673384,41929639.37,11193782.47
75,2021,3,17,673215,47648403.19,10817540.15
76,2021,3,18,743088,98972105.86,13181140.25
77,2021,3,19,672889,47681567.11,11009897.27
78,2021,3,20,673342,46496118.31,10889998.51
79,2021,3,21,673207,297225969.1,13515733.57
80,2021,3,22,673204,48079008.07,11214475.42
81,2021,3,23,672897,49606596.36,10853492.22
82,2021,3,24,672521,39582177.24,10539567.61
83,2021,3,25,672187,54497262.89,10364877.55
84,2021,3,26,671898,36536516.59,10167026.07
85,2021,3,27,671557,46205718.36,10353338.54
86,2021,3,28,671576,43753198.32,9702953.98
87,2021,3,29,671514,34130760.31,9692347.1
88,2021,3,30,671236,34675183.94,9564423.46
89,2021,3,31,670933,36438230.18,10209007.4
90,2021,4,1,670723,36230025.43,9685761.6
91,2021,4,2,670585,96378541.61,11774565.78
92,2021,4,3,670583,34710989.62,10258469.1
93,2021,4,4,670518,34834485.38,9737391.71
94,2021,4,5,670515,36578580.7,10156031.24
95,2021,4,6,670367,45405122.33,10200909.49
96,2021,4,7,670032,2280364441.0,33619790.7
97,2021,4,8,669794,44474825.33,9589594.95
98,2021,4,9,669617,34332553.01,9418898.93
99,2021,4,10,669477,68070330.77,9673208.61
100,2021,4,11,669452,85496908.85,9712601.53
101,2021,4,12,669454,41699200.99,10530207.72
102,2021,4,13,669454,44269330.3,9339219.42
103,2021,4,14,669079,72972997.7,9924175.74
104,2021,4,15,669182,173006213.4,14460832.04
105,2021,4,16,668799,35967949.03,9850072.84
106,2021,4,17,668868,63568397.66,10150712.38
107,2021,4,18,668998,44191536.07,10116177.34
108,2021,4,19,668942,34364368.03,10067214.54
109,2021,4,20,668777,31076241084.0,10067214.54
110,2021,4,21,668636,36566735.88,10011529.6
111,2021,4,22,668443,42754053.82,9834486.62
112,2021,4,23,668197,42165563.64,9880064.72
113,2021,4,24,667965,32420656.73,8983125.41
114,2021,4,25,667965,44454647.64,9458350.74
115,2021,4,26,667971,42297781.9,8846634.54
116,2021,4,27,667675,35030119.51,9587004.8
117,2021,4,28,667491,33058837.03,9269369.12
118,2021,4,29,667338,33582251.93,9442716.28
119,2021,4,30,667213,34233230.35,9425534.27
120,2021,5,1,667086,33217106.21,9709699.05
121,2021,5,2,971,35062523.38,8687440.4
122,2021,5,3,667077,34084315.2,8862356.46
123,2021,5,4,667071,44643186.91,10171799.74
124,2021,5,5,667037,31460224.51,9044358.37
125,2021,5,6,667017,46055617.22,9112801.72
126,2021,5,7,666962,36253649.4,10182513.06
127,2021,5,8,666837,37807059.41,9824714.49
128,2021,5,9,666787,33305398.18,9215412.59
129,2021,5,10,666779,32489951.74,9754259.83
130,2021,5,11,666736,45687759.53,10086434.16
131,2021,5,12,666654,45521609.11,9996657.93
132,2021,5,13,666616,48304202.81,9889388.13
133,2021,5,14,666656,59310293.33,9427237.72
134,2021,5,15,666961,34198756.22,9701934.4
135,2021,5,16,666865,51966305.98,10349121.05
136,2021,5,17,666904,33359473.92,9331180.46
137,2021,5,18,666857,32743812.79,8875947.61
138,2021,5,19,666878,42172997.21,9516881.62
139,2021,5,20,666976,43599119.26,10095373.64
140,2021,5,21,666846,34829535.67,9611809.57
141,2021,5,22,666787,43012038.05,9311177.23
142,2021,5,23,666787,31231882.46,8875300.77
143,2021,5,24,666788,42671540.21,9654598.78
144,2021,5,25,666765,43436189.98,8701136.38
145,2021,5,26,667470,42490999.99,8768260.31
146,2021,5,27,667618,41699670.74,9099135.42
147,2021,5,28,667625,133946276.2,13406684.8
148,2021,5,29,667556,50577395.35,9745642.88
149,2021,5,30,668276,68822908.97,10266142.51
150,2021,5,31,668191,61456926.48,10942494.36
151,2021,6,1,668291,43770318.43,10171579.92
152,2021,6,2,668041,72243554.98,11440269.04
153,2021,6,3,668080,77335606.18,11319210.75
154,2021,6,4,668269,48445498.27,10609431.1
155,2021,6,5,668516,69333106.34,11782179.27
156,2021,6,6,668849,73601544.48,11143117.53
157,2021,6,7,668849,59495383.82,11297349.15
158,2021,6,8,668849,47904907.37,10003843.15
159,2021,6,9,744440,69644321.81,13430813.5
160,2021,6,10,668850,72067114.15,12116275.58
161,2021,6,11,669017,75825506.81,13752441.58
162,2021,6,12,669063,65446592.54,11663369.59
163,2021,6,13,669327,70000597.51,10547766.46
164,2021,6,14,669060,34725142.18,9374466.34
165,2021,6,15,669378,58291973.45,12488712.08
166,2021,6,16,669475,199619645.2,14184481.22
167,2021,6,17,670094,83746260.65,14118898.7
168,2021,6,18,670287,60816768.82,10836706.61
169,2021,6,19,670700,63979975.99,11877432.7
170,2021,6,20,671346,74757811.99,12589555.05
171,2021,6,21,671380,103827643.6,13433525.3
172,2021,6,22,671569,89875804.99,15306358.32
173,2021,6,23,671992,78960331.49,14317723.49
174,2021,6,24,672116,95089127.71,14231694.34
175,2021,6,25,673310,76446931.66,10711804.0
176,2021,6,26,673736,84653734.03,16580475.26
177,2021,6,27,673698,111978053.9,15544938.39
178,2021,6,28,673776,192497183.1,12040564.72
179,2021,6,29,673776,60948337.87,12071621.06
180,2021,6,30,673776,53660414.69,12642546.97
181,2021,7,1,673509,148136549.7,14798273.28
182,2021,7,2,673450,54033560.71,12404048.85
183,2021,7,3,673622,61537154.5,10778514.5
184,2021,7,4,673581,406263341.5,15989710.92
185,2021,7,5,673334,51015877.87,11935560.8
186,2021,7,6,672730,50906291.81,10499231.76
187,2021,7,7,672731,53395254.96,11764084.23
188,2021,7,8,673744,66420723.98,13049646.04
189,2021,7,9,673394,97507069.56,12959526.23
190,2021,7,10,673551,66382509.58,13101207.22
191,2021,7,11,673388,53454142.1,12807565.43
192,2021,7,12,673571,50518010.11,12107383.07
193,2021,7,13,673211,115262442.5,16012656.61
194,2021,7,14,673236,47453105.02,11702399.51
195,2021,7,15,672764,102445967.5,14114530.65
196,2021,7,16,672783,101161756.8,13290844.74
197,2021,7,17,672347,91590125.59,12186995.82
198,2021,7,18,672534,64355357.26,12079098.95
199,2021,7,19,672344,77499564.05,14344592.27
200,2021,7,20,672336,48673918.32,13386126.03
201,2021,7,21,672130,56336968.94,13905745.44
202,2021,7,22,671878,77719039.37,11771335.52
203,2021,7,23,671722,52703178.94,12666306.97
204,2021,7,24,671728,54247104.98,14345261.45
205,2021,7,25,671778,52866380.33,12481385.42
206,2021,7,26,671782,57787325.57,13243836.18
207,2021,7,27,671784,50282801.06,13662594.69
208,2021,7,28,671873,60460819.18,14356534.27
209,2021,7,29,671975,48548861.64,13408822.34
210,2021,7,30,672183,55504163.3,13378938.42
211,2021,7,31,672417,60166798.94,14285401.19
212,2021,8,1,672669,59741227.54,13897061.9
213,2021,8,2,672685,51826734.02,13395144.34
214,2021,8,3,672716,54468286.03,13773789.27
215,2021,8,4,672872,77999062.82,15033661.9
216,2021,8,5,673149,65096323.58,16194826.47
217,2021,8,6,673557,67710076.06,14338019.24
218,2021,8,7,673923,55171190.83,13151978.22
219,2021,8,8,674401,49398400.54,12719199.07
220,2021,8,9,674409,79244218.18,16930617.66
221,2021,8,10,674442,49335258.82,12539401.13
222,2021,8,11,674909,51289804.66,12537573.79
223,2021,8,12,675507,52054086.41,13431151.24
224,2021,8,13,676046,43472328.5,10473601.31
225,2021,8,14,676046,42814423.1,9475584.51
226,2021,8,15,676251,54297614.59,10181863.44
227,2021,8,16,676259,63639484.51,12860578.75
228,2021,8,17,676259,51949835.71,11993767.1
229,2021,8,18,676314,81117410.45,15008253.08
230,2021,8,19,676374,63170026.01,11182936.97
231,2021,8,20,676580,50678367.53,9993453.7
232,2021,8,21,676669,59229861.29,10906039.21
233,2021,8,22,676741,45671592.89,9931263.79
234,2021,8,23,676743,59794723.85,11388236.44
235,2021,8,24,676743,64281835.97,11912486.07
236,2021,8,25,676743,72569591.98,12488444.7
237,2021,8,26,676872,50335568.93,11039799.68
238,2021,8,27,676912,48996060.84,11099480.96
239,2021,8,28,676983,48157351.42,11036569.49
240,2021,8,29,677417,49517271.84,11834215.47
241,2021,8,30,677420,53415478.82,12016367.33
242,2021,8,31,677457,51136307.26,11145382.13
243,2021,9,1,678062,48376385.26,11683753.69
244,2021,9,2,678733,40720079.45,9521049.45
245,2021,9,3,679361,46479865.66,10212886.76
246,2021,9,4,680075,46564818.72,10170390.87
247,2021,9,5,680607,40416713.14,9753544.72
248,2021,9,6,680610,47572271.28,9271357.58
249,2021,9,7,680650,48160219.63,11034311.57
250,2021,9,8,681367,49047976.78,11054374.04
251,2021,9,9,682026,75545713.27,11415963.93
252,2021,9,10,682856,54466914.02,10599922.95
253,2021,9,11,683624,54709346.45,11548920.88
254,2021,9,12,684358,46610488.46,13267265.4
255,2021,9,13,684377,52208098.03,13009049.55
256,2021,9,14,684428,53235318.82,13071093.72
257,2021,9,15,685171,64282424.42,14928813.06
258,2021,9,16,686276,53086284.07,12426947.37
259,2021,9,17,687355,184710661.5,19025449.75
260,2021,9,18,688227,64661302.66,14634470.03
261,2021,9,19,689437,71122591.75,14940599.77
262,2021,9,20,689816,47177081.66,11266199.61
263,2021,9,21,689817,69186614.02,15071153.5
264,2021,9,22,689821,66847706.3,15650297.5
265,2021,9,23,689828,64989201.91,13323043.08
266,2021,9,24,689850,68056722.6,15541533.18
267,2021,9,25,690726,56093144.66,11362678.98
268,2021,9,26,691665,146612848.4,18020046.35
269,2021,9,27,691671,86421055.68,15163826.57
270,2021,9,28,691706,46897084.7,11851479.43
271,2021,9,29,698076,65134753.73,14591860.42
272,2021,9,30,699473,69404588.28,13614177.18
273,2021,10,1,687167,65960944.46,6200904.63
274,2021,10,2,699563,65766685.34,14943717.25
275,2021,10,3,700204,64010509.94,13672791.5
276,2021,10,4,700220,68500588.58,14561277.42
277,2021,10,5,700232,48053133.17,12302416.67
278,2021,10,6,700275,65727849.86,14600587.89
279,2021,10,7,701212,66125754.6,14914010.73
280,2021,10,8,702167,127857522.6,18448659.44
281,2021,10,9,703905,110314844.4,16040328.54
282,2021,10,10,705122,255814664.1,17100355.46
283,2021,10,11,705136,64081076.28,13621274.81
284,2021,10,12,705146,65796359.3,15835844.71
285,2021,10,13,705187,85998797.98,15959661.47
286,2021,10,14,709069,91289257.49,16130796.2
287,2021,10,15,713638,48645343.25,11700752.5
288,2021,10,16,715895,48437853.02,10649765.79
289,2021,10,17,716126,44737025.62,11103839.4
290,2021,10,18,716143,53130689.64,12035471.5
291,2021,10,19,717816,67045096.2,14481354.76
292,2021,10,20,721029,61815861.89,12556513.31
293,2021,10,21,722240,87546174.17,13502688.54
294,2021,10,22,723238,63469504.7,13735963.08
295,2021,10,23,726427,66229803.94,14105625.87
296,2021,10,24,726589,46206814.06,10212281.42
297,2021,10,25,726598,51308182.75,11643726.29
298,2021,10,26,727324,65567403.34,13375846.57
299,2021,10,27,728111,70514683.34,15092216.24
300,2021,10,28,729103,65252908.01,14356240.83
301,2021,10,29,730251,79896617.66,14543712.06
302,2021,10,30,731176,75820797.62,14932870.59
303,2021,10,31,731330,67884687.91,15205847.41
304,2021,11,1,731338,77094132.98,15366911.32
305,2021,11,2,732291,76796736.17,17427097.77
306,2021,11,3,735073,50402073.43,12915492.11
307,2021,11,4,736153,76396928.9,16115801.43
308,2021,11,5,736616,76333767.79,12957658.95
309,2021,11,6,737012,49058774.02,13205699.24
310,2021,11,7,737117,55297811.86,11433967.36
311,2021,11,8,737126,141905935.4,13218532.45
312,2021,11,9,738397,70160722.51,16955177.84
313,2021,11,10,738976,59454029.21,14246906.34
314,2021,11,11,739305,82812397.73,18968075.03
315,2021,11,12,739669,62957138.98,13207403.62
316,2021,11,13,739832,78141952.32,18356953.52
317,2021,11,14,739864,46527470.54,12113821.35
318,2021,11,15,739879,50492597.78,12633434.13
319,2021,11,16,710114,79895451.58,16185816.63
320,2021,11,17,710097,73251567.77,15990792.01
321,2021,11,18,713231,58773540.05,12357717.56
322,2021,11,19,713486,51401250.19,13365977.5
323,2021,11,20,713636,69089260.15,15757012.15
324,2021,11,21,713664,56283815.3,14564410.03
325,2021,11,22,713673,80799601.27,16789615.64
326,2021,11,23,713360,72637875.0,15725123.75
327,2021,11,24,713081,72018056.38,10570928.34
328,2021,11,25,712858,77952406.73,17069348.61
329,2021,11,26,712556,57093271.42,13336810.47
330,2021,11,27,712556,47517521.57,12154499.63
331,2021,11,28,712556,54754358.42,11959936.34
332,2021,11,29,712556,223495361.7,18386948.46
333,2021,11,30,712545,70282289.02,17011730.86
334,2021,12,1,714160,75313222.99,16135211.85
335,2021,12,2,714126,50315700.58,12730521.08
336,2021,12,3,716063,90474457.94,14103812.67
337,2021,12,4,716299,108353356.9,11300697.24
338,2021,12,5,716217,58275498.26,13657316.74
339,2021,12,6,716251,60240007.13,12356993.91
340,2021,12,7,716150,67262207.52,16671442.13
341,2021,12,8,716535,74245782.07,12911894.91
342,2021,12,9,716676,67597312.32,15981043.45
343,2021,12,10,716858,141501611.3,19191906.61
344,2021,12,11,718334,94502216.45,14289218.09
345,2021,12,12,718517,47520314.18,13254959.3
346,2021,12,13,718534,53075592.29,12663690.12
347,2021,12,14,718564,50535129.5,13205188.38
348,2021,12,15,721826,178989498.9,14421100.51
349,2021,12,16,721572,50453375.45,13143844.34
350,2021,12,17,721603,67116983.3,13553240.88
351,2021,12,18,722181,60432291.77,15878710.25
352,2021,12,19,722015,45584705.62,11941542.96
353,2021,12,20,722566,83277250.03,19216864.87
354,2021,12,21,723201,66789334.27,17028310.49
355,2021,12,22,722783,39350279.47,10424313.28
356,2021,12,23,722917,53547797.83,11256530.03
357,2021,12,24,723036,52786920.02,13781619.76
358,2021,12,25,723044,61560756.41,16404019.44
359,2021,12,26,722921,78272118.67,20344289.78
360,2021,12,27,722925,81378863.04,17271923.61
361,2021,12,28,724120,87387746.14,13906304.21
362,2021,12,29,724317,52259810.21,13551904.46
363,2021,12,30,724111,123001864.7,19575333.57
364,2021,12,31,723981,53408419.92,15011622.0
365,2022,1,1,723966,48101916.29,10770673.97
366,2022,1,2,723985,71885697.96,15619732.26
367,2022,1,3,723981,71765381.3,15496153.19
368,2022,1,4,723980,72829415.14,17876744.8
369,2022,1,5,723872,74568036.0,17122196.96
370,2022,1,6,723968,54131012.59,12473914.99
371,2022,1,7,723914,52269919.3,12728184.44
372,2022,1,8,723509,51312469.3,13163031.3
373,2022,1,9,723521,68832845.59,15560029.82
374,2022,1,10,723618,70454581.49,16713065.04
375,2022,1,11,723655,70144238.64,15779107.74
376,2022,1,12,723382,70271038.78,17055927.85
377,2022,1,13,723251,74003416.2,18697053.71
378,2022,1,14,723103,51046785.89,13157721.44
379,2022,1,15,722906,71723535.05,17731911.07
380,2022,1,16,722846,69444079.22,15471081.74
381,2022,1,17,722846,52916002.13,12329436.76
382,2022,1,18,722720,81700262.38,16044863.71
383,2022,1,19,722795,75384216.07,16404239.23
384,2022,1,20,722630,60949364.02,13798093.41
385,2022,1,21,722811,92125310.64,16338371.1
386,2022,1,22,722589,63576707.69,15391604.47
387,2022,1,23,722454,83403430.61,12719320.82
388,2022,1,24,722458,71943628.85,16220853.08
389,2022,1,25,722459,56558608.3,13180884.15
390,2022,1,26,722271,73752291.26,16772176.25
391,2022,1,27,722295,123141167.4,18361449.3
392,2022,1,28,722235,76651886.86,18331082.84
393,2022,1,29,722011,54523965.86,13985687.98
394,2022,1,30,722020,54750501.89,14366727.72
395,2022,1,31,722034,56069741.26,14658127.68
396,2022,2,1,722047,72116444.62,12067833.83
397,2022,2,2,722047,941794439.8,20480995.6
398,2022,2,3,722038,357533610.6,17109769.4
399,2022,2,4,722020,204826493.1,18657965.8
400,2022,2,5,721934,289211764.3,17409384.48
401,2022,2,6,721937,63160582.2,12945670.02
402,2022,2,7,721924,74864836.3,18647064.44
403,2022,2,8,721766,343786389.7,22416561.87
404,2022,2,9,721789,342084695.6,20531157.04
405,2022,2,10,721716,66785712.41,16497414.72
406,2022,2,11,721593,77690163.74,18675696.66
407,2022,2,12,721209,79430584.01,18338117.25
408,2022,2,13,721212,74957348.59,17776280.41
409,2022,2,14,721214,78052828.08,16940638.07
410,2022,2,15,721218,60260619.14,14667485.45
411,2022,2,16,720966,77778388.99,18945505.14
412,2022,2,17,720884,100552925.1,18167874.42
413,2022,2,18,720825,88075771.63,22074538.53
414,2022,2,19,720866,92030776.39,19430853.76
415,2022,2,20,720873,78917119.85,18534771.19
416,2022,2,21,720654,64160819.74,14738424.72
417,2022,2,22,720717,79703172.26,14609625.92
418,2022,2,23,720445,96253985.98,17177625.46
419,2022,2,24,720377,121341754.5,17754430.03
420,2022,2,25,720617,206013084.4,22162817.07
421,2022,2,26,720328,156877571.7,21525368.68
422,2022,2,27,720346,158215037.9,22942752.06
423,2022,2,28,720345,180944014.6,22017106.34
424,2022,3,1,720177,155821214.2,18984372.5
425,2022,3,2,720175,183112582.4,23670183.38
426,2022,3,3,720202,145485579.5,20716574.13
427,2022,3,4,720034,159102161.5,22440727.67
428,2022,3,5,719715,147512193.2,24361698.99
429,2022,3,6,719738,146069943.6,22004904.71
430,2022,3,7,719744,167049131.7,24849729.47
431,2022,3,8,719715,150411734.0,20629239.74
432,2022,3,9,719746,155784944.6,22447324.82
433,2022,3,10,719586,138568038.8,20191737.02
434,2022,3,11,736759,194673793.5,21358046.92
435,2022,3,12,736838,140726837.5,20201449.32
436,2022,3,13,736693,162574576.9,23492655.28
437,2022,3,14,736672,145160477.5,17305171.27
438,2022,3,15,736426,237473107.4,20917481.65
439,2022,3,16,736222,207330886.5,23124764.23
440,2022,3,17,736280,184475194.6,23519211.11
441,2022,3,18,735962,219600386.6,22811687.34
442,2022,3,19,735684,222127607.7,27203235.49
443,2022,3,20,735454,159018202.5,23674510.63
444,2022,3,21,735456,187518086.0,24609546.16
445,2022,3,22,735469,178218727.1,24681895.13
446,2022,3,23,735295,167858333.5,22674701.41
447,2022,3,24,735086,144820342.3,21413952.01
448,2022,3,25,734964,396972498.4,25136783.03
449,2022,3,26,734763,132585401.2,21042800.68
450,2022,3,27,734518,364561284.2,22233851.21
451,2022,3,28,734567,178017949.1,24865125.5
452,2022,3,29,734629,157043522.4,24205291.78
453,2022,3,30,734656,147211999.5,24409259.63
454,2022,3,31,734486,166602249.0,23100695.69
455,2022,4,1,734357,173872134.1,22958409.55
456,2022,4,2,734154,123627963.4,22794784.21
457,2022,4,3,734040,142930847.1,20394883.88
458,2022,4,4,734020,165766668.6,23585682.18
459,2022,4,5,734026,124411186.8,21116384.02
460,2022,4,6,733812,144803250.3,21934274.55
461,2022,4,7,733760,89509452.94,15908599.5
462,2022,4,8,733620,132869287.9,20888978.03
463,2022,4,9,733530,91138607.16,19440652.88
464,2022,4,10,733468,96436579.56,18847353.03
465,2022,4,11,733469,74556650.81,13980383.77
466,2022,4,12,733478,193448279.7,19107810.81
467,2022,4,13,733330,131539549.7,20411526.28
468,2022,4,14,733190,185558560.6,19135174.09
469,2022,4,15,733188,73726960.46,12899984.29
470,2022,4,16,733045,100761719.9,18521204.07
471,2022,4,17,732913,103427233.1,15322207.25
472,2022,4,18,732889,94165499.28,17567527.21
473,2022,4,19,732917,82730156.9,14799323.31
474,2022,4,20,732675,109650851.6,17488434.32
475,2022,4,21,732723,110156954.0,20327611.5
476,2022,4,22,732645,99649430.45,18617994.06
477,2022,4,23,732572,97340558.74,16364054.5
478,2022,4,24,732573,97831712.09,18023142.88
479,2022,4,25,732574,99566540.06,16346147.57
480,2022,4,26,732584,90742530.24,15943062.88
481,2022,4,27,732396,110711811.9,20416562.51
482,2022,4,28,732159,128243897.5,19217175.07
483,2022,4,29,731899,87899207.64,17188119.82
484,2022,4,30,731726,109469522.4,15846468.4
485,2022,5,1,731420,77660556.86,17323744.53
486,2022,5,2,731465,81392252.47,16751473.55
487,2022,5,3,731500,91001258.54,18079217.06
488,2022,5,4,730920,100002145.3,19117214.77
489,2022,5,5,730562,73823641.22,14644191.46
490,2022,5,6,730178,84832382.18,16320089.19
491,2022,5,7,730178,85585733.14,17822936.33
492,2022,5,8,729738,117424393.9,15907444.53
493,2022,5,9,729717,70906861.87,15267045.12
494,2022,5,10,729778,77695533.6,16217835.2
495,2022,5,11,729642,80237014.15,16819271.62
496,2022,5,12,729362,68088661.99,14867617.14
497,2022,5,13,729172,82605733.85,15995986.66
498,2022,5,14,729108,84342901.61,18277812.08
499,2022,5,15,729030,82924713.41,16202312.51
500,2022,5,16,728980,136076916.7,13708734.89
501,2022,5,17,728966,81576865.18,16632519.79
502,2022,5,18,728814,78535354.51,17143529.28
503,2022,5,19,728560,82718178.77,16576428.82
504,2022,5,20,728581,81774319.3,17849664.46
505,2022,5,21,728271,52497040.15,13077450.46
506,2022,5,22,728081,66746881.06,14675779.3
507,2022,5,23,728065,66124760.45,14399300.56
508,2022,5,24,728085,91721395.99,14490741.19
509,2022,5,25,727864,93076026.36,19745034.08
510,2022,5,26,727557,78747246.29,13422363.88
511,2022,5,27,727124,68023706.02,12317310.6
512,2022,5,28,727142,80958681.34,13800500.92
513,2022,5,29,726903,63292102.82,12606955.5
514,2022,5,30,726818,55045235.66,11327114.62
515,2022,5,31,726818,51347936.35,10389815.95
516,2022,6,1,726818,34283320.58,9556650.14
517,2022,6,2,726086,88640039.45,14337303.86
518,2022,6,3,726098,80853473.33,18408364.6
519,2022,6,4,725759,73309707.46,17415336.74
520,2022,6,5,725475,66062490.53,12368035.6
521,2022,6,6,725442,67812595.78,14303833.91
522,2022,6,7,725445,156323122.9,18929507.3
523,2022,6,8,725438,99148674.38,15389874.51
524,2022,6,9,724978,86639729.4,13653046.99
525,2022,6,10,724558,88454015.5,16633358.06
526,2022,6,11,724220,76290046.54,17684223.7
527,2022,6,12,723573,84930079.08,18776373.5
528,2022,6,13,723351,99340814.5,17767854.3
529,2022,6,14,723414,77471236.9,15432156.83
530,2022,6,15,723058,54951003.43,10835209.96
531,2022,6,16,723033,74654806.92,15323802.67
532,2022,6,17,722692,287783795.5,19557199.21
533,2022,6,18,722518,139777980.4,16788026.37
534,2022,6,19,722140,70479378.0,15048708.62
535,2022,6,20,722140,99634451.69,20626706.22
536,2022,6,21,722031,92906205.82,21194983.74
537,2022,6,22,722010,191621095.4,23212755.22
538,2022,6,23,722047,81475072.42,17959411.52
539,2022,6,24,721642,77815045.58,16873623.59
540,2022,6,25,721739,100314014.1,15535683.1
541,2022,6,26,721366,66526600.3,14127595.51
542,2022,6,27,721333,73471547.62,15720956.5
543,2022,6,28,721482,76005022.7,17472472.47
544,2022,6,29,721541,117538752.7,14796992.57
545,2022,6,30,721561,81353702.52,19412984.43
546,2022,7,1,721629,84570058.18,20330194.7
547,2022,7,2,721679,66141897.91,16821818.46
548,2022,7,3,721499,101440915.6,21335399.22
549,2022,7,4,721333,101433698.6,22226321.58
550,2022,7,5,721794,74742263.57,16796354.86
551,2022,7,6,722085,91173619.68,21863598.97
552,2022,7,7,722328,118488851.9,21825509.51
553,2022,7,8,722407,113219983.7,22035589.77
554,2022,7,9,722560,84044847.26,18340245.64
555,2022,7,10,722397,95905009.8,23356691.44
556,2022,7,11,722341,88568489.4,18703829.4
557,2022,7,12,722473,90815324.9,15259439.39
558,2022,7,13,722637,207836429.0,18785791.22
559,2022,7,14,722952,333793553.3,27734951.98
560,2022,7,15,723190,81399532.25,19238238.87
561,2022,7,16,723273,100556172.8,18345691.59
562,2022,7,17,723017,99102511.99,18596381.97
563,2022,7,18,722923,77839750.56,16796004.48
564,2022,7,19,722887,81662155.9,17950476.82
565,2022,7,20,722951,73785212.54,14829007.05
566,2022,7,21,723083,77001721.08,18286220.53
567,2022,7,22,723296,308672681.7,16995721.03
568,2022,7,23,723709,81558154.7,17514121.3
569,2022,7,24,723407,87999951.74,20815474.68
570,2022,7,25,723389,68131615.39,14380682.07
571,2022,7,26,724075,81391241.88,16282864.59
572,2022,7,27,724520,48623054.57,11455751.74
573,2022,7,28,725075,63777183.72,13874046.82
574,2022,7,29,725549,51855451.25,11682412.8
575,2022,7,30,726210,57070578.91,12765163.91
576,2022,7,31,725990,36146511.55,10630383.85
577,2022,8,1,725956,56261297.26,14711017.32
578,2022,8,2,726004,48264816.67,12517784.55
579,2022,8,3,725603,57521087.81,14468728.3
580,2022,8,4,725330,73311657.67,17770106.03
581,2022,8,5,726144,90017305.3,20171824.22
582,2022,8,6,727226,71611087.3,16640352.98
583,2022,8,7,726824,79288436.93,15836525.28
584,2022,8,8,726742,55887014.11,14851225.53
585,2022,8,9,727802,81210379.97,18124498.05
586,2022,8,10,728696,60795289.73,14093544.13
587,2022,8,11,729509,86053193.95,14016939.48
588,2022,8,12,729664,48532641.12,11574524.03
589,2022,8,13,730697,52261236.79,11884870.54
590,2022,8,14,730856,47181604.08,13390326.11
591,2022,8,15,730852,84068744.54,17070653.68
592,2022,8,16,730818,59821257.31,14304453.0
593,2022,8,17,730893,409183172.7,17242284.95
594,2022,8,18,731641,97020536.64,16212877.74
595,2022,8,19,732516,77072497.87,14223449.11
596,2022,8,20,733189,48950144.93,11896896.87
597,2022,8,21,732751,41016840.58,11247943.92
598,2022,8,22,732609,85225084.66,14863569.29
599,2022,8,23,733082,58607822.35,12980801.45
600,2022,8,24,733808,56357821.32,15321549.15
601,2022,8,25,734136,159396909.2,16878708.79
602,2022,8,26,734586,99991210.32,15647034.83
603,2022,8,27,734586,65591167.97,14942972.07
604,2022,8,28,734586,159475939.5,19013522.82
605,2022,8,29,735257,96319584.19,14268765.31
606,2022,8,30,735873,95442316.46,13954178.31
607,2022,8,31,736117,66152777.9,14319041.74
608,2022,9,1,736772,59561282.14,13187149.74
609,2022,9,2,737238,50974127.93,13486542.43
610,2022,9,3,737526,61227498.29,15010440.49
611,2022,9,4,737300,39281590.97,10809189.59
612,2022,9,5,737304,59734911.14,12846982.54
613,2022,9,6,739974,60454981.66,12712536.88
614,2022,9,7,739974,111612412.6,18754004.74
615,2022,9,8,741532,109978094.7,16001757.56
616,2022,9,9,742234,60268442.21,13730207.77
617,2022,9,10,742030,63685912.01,13629111.14
618,2022,9,11,742044,55180925.78,13191472.14
619,2022,9,12,741996,72298026.86,15752077.23
620,2022,9,13,742004,74953180.78,16876979.02
621,2022,9,14,742826,70394772.65,12542343.59
622,2022,9,15,743697,98727565.68,17241953.34
623,2022,9,16,744428,98507951.28,15758843.74
624,2022,9,17,745103,92667840.67,15891483.66
625,2022,9,18,744929,85345841.09,18423195.7
626,2022,9,19,744923,94276695.65,17129473.32
627,2022,9,20,745837,91394073.5,15034143.36
628,2022,9,21,746614,102941702.0,17814286.51
629,2022,9,22,746954,93695587.99,18178461.59
630,2022,9,23,747494,115919317.6,18578378.38
631,2022,9,24,748045,91084893.74,15172897.98
632,2022,9,25,747629,71192957.47,12508127.59
633,2022,9,26,747623,71756842.63,13343640.98
634,2022,9,27,748659,62384727.91,12405454.02
635,2022,9,28,748976,77907769.25,13685755.21
636,2022,9,29,749264,92127820.9,14980482.36
637,2022,9,30,748820,59984587.42,13920560.44
638,2022,10,1,750470,98189386.2,14849406.13
639,2022,10,2,750072,76103337.65,13748189.08
640,2022,10,3,750048,69600940.68,13381200.14
641,2022,10,4,750048,76037380.01,15243654.06
642,2022,10,5,750322,51355916.62,12859034.52
643,2022,10,6,750547,79408906.39,15760184.38
644,2022,10,7,751274,66057645.38,15426787.83
645,2022,10,8,751805,109799883.5,18428656.69
646,2022,10,9,751377,105593497.4,22029656.96
647,2022,10,10,751339,85877071.7,14963591.85
648,2022,10,11,751324,60510379.78,11683111.25
649,2022,10,12,752096,56064006.67,12417645.54
650,2022,10,13,752894,68967415.8,12912564.49
651,2022,10,14,753970,99825912.53,14905674.17
652,2022,10,15,755135,98162408.98,13155844.16
653,2022,10,16,754970,62037455.5,14140921.55
654,2022,10,17,754927,134166671.8,12690215.01
655,2022,10,18,755785,73341129.1,13539009.79
656,2022,10,19,756710,136917752.6,12963829.81
657,2022,10,20,757623,62399472.7,12608671.99
658,2022,10,21,758461,59191252.78,12550463.52
659,2022,10,22,759133,86602768.58,15580330.9
660,2022,10,23,758895,81488719.39,13792130.65
661,2022,10,24,758770,63253412.95,13457882.1
662,2022,10,25,758763,89413426.97,14216419.0
663,2022,10,26,761305,105244473.0,15061180.54
664,2022,10,27,762113,61234026.53,13106388.74
665,2022,10,28,763283,75810231.31,11487137.53
666,2022,10,29,764051,79008401.81,12121779.07
667,2022,10,30,763429,68970811.78,13829337.81
668,2022,10,31,763387,81772545.29,14521871.87
669,2022,11,1,764514,67265469.82,13986739.02
670,2022,11,2,765248,221085749.8,16372424.56
671,2022,11,3,766325,56097106.32,12768354.26
672,2022,11,4,767336,144425153.8,11697630.26
673,2022,11,5,768244,63412395.29,12794205.77
674,2022,11,6,768030,74060295.53,13111226.03
675,2022,11,7,767971,75721233.67,14814433.21
676,2022,11,8,768646,104212141.7,13596317.79
677,2022,11,9,769556,55233460.06,11181206.79
678,2022,11,10,770366,206606999.0,13321260.48
679,2022,11,11,770889,67125305.69,12964657.26
680,2022,11,12,771411,63725130.07,11545039.68
681,2022,11,13,771036,47186485.27,10578613.77
682,2022,11,14,771016,68941712.57,12860473.35
683,2022,11,15,772333,42709974.22,10509845.18
684,2022,11,16,774458,66495731.45,13052197.33
685,2022,11,17,775808,67800738.26,15349595.18
686,2022,11,18,776065,55609740.82,11193980.26
687,2022,11,19,777580,54610306.56,11568073.0
688,2022,11,20,777551,50722245.74,10371749.74
689,2022,11,21,777536,146136936.7,13883899.41
690,2022,11,22,778688,93786621.72,15626130.64
691,2022,11,23,779457,100415789.9,13384650.12
692,2022,11,24,780615,80418684.02,14557564.36
693,2022,11,25,781560,45331547.11,11103412.18
694,2022,11,26,781464,61981311.43,12169330.43
695,2022,11,27,781511,64009065.12,12998991.0
696,2022,11,28,781514,73221705.82,14071416.64
697,2022,11,29,781807,59562935.62,12740779.3
698,2022,11,30,782405,52253862.55,11724324.36
699,2022,12,1,783153,50985853.82,12564512.52
700,2022,12,2,786186,108371467.6,15839575.49
701,2022,12,3,787385,58186359.91,13159442.98
702,2022,12,4,787385,85610475.65,12458424.04
703,2022,12,5,787385,96653148.98,12957755.36
704,2022,12,6,787218,79764866.83,15165769.45
705,2022,12,7,790077,55047470.47,13167742.54
706,2022,12,8,791280,38280027.91,10559891.41
707,2022,12,9,792285,37906062.91,8927138.34
708,2022,12,10,793373,28411397.33,8332908.76
709,2022,12,11,793298,28726645.58,7956653.41
710,2022,12,12,793329,45516999.17,10004384.45
711,2022,12,13,794050,46848187.68,10746430.67
712,2022,12,14,795534,61356364.37,9981755.58
713,2022,12,15,795815,45112056.67,9775442.19
714,2022,12,16,796311,45394132.3,11309669.8
715,2022,12,17,797038,43888798.42,10425747.2
716,2022,12,18,796975,43194033.5,9978218.91
717,2022,12,19,796940,35849768.21,10169089.74
718,2022,12,20,797097,44317092.43,9832706.99
719,2022,12,21,799844,43434313.39,11573044.8
720,2022,12,22,799983,42407068.08,11527319.54
721,2022,12,23,799900,46224068.57,10560015.07
722,2022,12,24,799877,58763001.1,12851421.38
723,2022,12,25,799864,65045114.04,13222843.69
724,2022,12,26,799870,56045364.31,12063284.26
725,2022,12,27,800308,31743683.54,9442942.4
726,2022,12,28,802036,32641190.23,9679363.18
727,2022,12,29,803784,58820056.15,11754265.48
728,2022,12,30,805066,52733978.57,12149583.1
729,2022,12,31,805564,44225974.1,11472992.97
